BST:
A)Pre-order: 22 16 14 11 12 18 25 23 28 30 
In-order: 11 12 14 16 18 22 23 25 28 30 
Pos-order: 12 11 14 18 16 23 30 28 25 22 

B)Pre-order: 10 9 7 4 8 12 11 10 13 15 
In-order: 4 7 8 9 10 10 11 12 13 15 
Pos-order: 4 8 7 9 10 11 15 13 12 10 

C)Pre-order: 36 16 6 4 12 14 26 17 35 38 
In-order: 4 6 12 14 16 17 26 35 36 38 
Pos-order: 4 14 12 6 17 35 26 16 38 36 

AVL:
A)Pre-order: 16 12 11 14 25 22 18 23 28 30 
In-order: 11 12 14 16 18 22 23 25 28 30 
Pos-order: 11 14 12 18 23 22 30 28 25 16 

B)Pre-order: 9 7 4 8 11 10 13 12 15 
In-order: 4 7 8 9 10 11 12 13 15 
Pos-order: 4 8 7 10 12 15 13 11 9 

C)Pre-order: 16 6 4 12 14 26 17 36 35 38 
In-order: 4 6 12 14 16 17 26 35 36 38 
Pos-order: 4 14 12 6 17 35 38 36 26 16 